22.8.2023
3,628
3,637
3,808
3,951
4,106
21.8.2023
3,631
3,612
3,806
3,941
4,082
18.8.2023
3,634
3,615
3,816
3,944
4,091
17.8.2023
3,640
3,632
3,815
3,941
4,095
16.8.2023
3,637
3,623
3,798
3,964
4,116
15.8.2023
3,608
3,627
3,787
3,943
4,091
14.8.2023
3,641
3,664
3,799
3,957
4,076
11.8.2023
3,628
3,638
3,781
3,928
4,056
10.8.2023
3,647
3,621
3,788
3,937
4,052
9.8.2023
3,647
3,625
3,759
3,927
4,053
8.8.2023
3,640
3,615
3,765
3,921
4,065
7.8.2023
3,637
3,638
3,754
3,949
4,055
4.8.2023
3,643
3,615
3,743
3,940
4,045
3.8.2023
3,638
3,609
3,722
3,937
4,052
2.8.2023
3,610
3,610
3,733
3,944
4,081
1.8.2023
3,532
3,580
3,723
3,948
4,076
31.7.2023
3,455
3,578
3,715
3,929
4,064
28.7.2023
3,465
3,585
3,725
3,958
4,111
27.7.2023
3,422
3,565
3,714
3,972
4,140
26.7.2023
3,401
3,545
3,714
3,952
4,114
25.7.2023
3,392
3,521
3,705
3,966
4,114
24.7.2023
3,401
3,475
3,716
3,972
4,158
21.7.2023
3,394
3,502
3,721
3,972
4,162
20.7.2023
3,402
3,472
3,698
3,952
4,141
19.7.2023
3,395
3,455
3,646
3,937
4,121
18.7.2023
3,379
3,465
3,705
3,962
4,160
17.7.2023
3,381
3,457
3,685
3,962
4,150
14.7.2023
3,393
3,464
3,660
3,941
4,134
13.7.2023
3,391
3,446
3,663
3,945
4,174
12.7.2023
3,387
3,457
3,657
3,955
4,191
11.7.2023
3,386
3,456
3,672
3,940
4,184
10.7.2023
3,395
3,438
3,661
3,931
4,190
7.7.2023
3,393
3,425
3,640
3,945
4,193
6.7.2023
3,398
3,377
3,612
3,905
4,155
5.7.2023
3,388
3,393
3,589
3,895
4,165
4.7.2023
3,378
3,388
3,613
3,888
4,164
3.7.2023
3,388
3,385
3,597
3,913
4,145
30.6.2023
3,362
3,399
3,577
3,900
4,134
29.6.2023
3,415
3,415
3,587
3,892
4,103
28.6.2023
3,391
3,418
3,598
3,930
4,119
27.6.2023
3,394
3,411
3,554
3,915
4,094
26.6.2023
3,382
3,429
3,577
3,908
4,092
23.6.2023
3,396
3,448
3,610
3,933
4,147
22.6.2023
3,401
3,413
3,600
3,907
4,111
21.6.2023
3,363
3,439
3,568
3,886
4,088
20.6.2023
3,312
3,383
3,587
3,892
4,082
19.6.2023
3,209
3,372
3,551
3,861
4,046
16.6.2023
3,234
3,355
3,572
3,822
4,020
15.6.2023
3,202
3,350
3,547
3,818
3,965
14.6.2023
3,159
3,338
3,522
3,790
3,944
13.6.2023
3,131
3,328
3,526
3,794
3,942
12.6.2023
3,136
3,315
3,478
3,753
3,938
9.6.2023
3,128
3,290
3,469
3,762
3,928
8.6.2023
3,153
3,258
3,486
3,757
3,936
7.6.2023
3,136
3,271
3,459
3,733
3,923
6.6.2023
3,152
3,254
3,476
3,715
3,914
5.6.2023
3,134
3,222
3,493
3,739
3,884
2.6.2023
3,121
3,218
3,490
3,728
3,875
1.6.2023
3,154
3,210
3,462
3,721
3,875
31.5.2023
3,122
3,211
3,463
3,746
3,939
30.5.2023
3,140
3,214
3,474
3,770
3,965
29.5.2023
3,146
3,213
3,483
3,781
3,982
26.5.2023
3,125
3,199
3,462
3,760
3,955
25.5.2023
3,152
3,198
3,457
3,769
3,943
24.5.2023
3,115
3,138
3,415
3,744
3,932
23.5.2023
3,152
3,142
3,422
3,732
3,904
22.5.2023
3,132
3,135
3,412
3,714
3,893
19.5.2023
3,129
3,134
3,415
3,707
3,878
18.5.2023
3,137
3,151
3,383
3,687
3,858
17.5.2023
3,112
3,152
3,388
3,671
3,834
16.5.2023
3,147
3,158
3,382
3,658
3,807
15.5.2023
3,145
3,150
3,358
3,663
3,805
12.5.2023
3,127
3,162
3,348
3,638
3,799
11.5.2023
3,126
3,159
3,323
3,629
3,795
10.5.2023
3,096
3,146
3,301
3,625
3,808
9.5.2023
3,078
3,161
3,270
3,608
3,804
8.5.2023
3,012
3,138
3,312
3,605
3,790
5.5.2023
2,950
3,099
3,280
3,575
3,770
4.5.2023
2,902
3,112
3,281
3,651
3,843
3.5.2023
2,910
3,088
3,275
3,644
3,843
2.5.2023
2,910
3,093
3,274
3,622
3,822
28.4.2023
2,872
3,052
3,265
3,645
3,880
27.4.2023
2,888
3,037
3,250
3,618
3,852
26.4.2023
2,880
3,015
3,242
3,648
3,858
25.4.2023
2,905
3,024
3,268
3,635
3,900
24.4.2023
2,882
3,031
3,288
3,637
3,865
21.4.2023
2,886
2,956
3,261
3,601
3,854
20.4.2023
2,878
2,998
3,211
3,612
3,855
19.4.2023
2,870
2,987
3,205
3,587
3,825
18.4.2023
2,900
2,968
3,200
3,562
3,793
17.4.2023
2,882
2,966
3,219
3,578
3,764
14.4.2023
2,894
2,948
3,175
3,510
3,723
13.4.2023
2,862
2,934
3,177
3,490
3,718
12.4.2023
2,862
2,889
3,126
3,430
3,654
11.4.2023
2,902
2,889
3,108
3,356
3,582
6.4.2023
2,886
2,887
3,075
3,339
3,578
5.4.2023
2,875
2,888
3,055
3,339
3,628
4.4.2023
2,876
2,899
3,052
3,359
3,638
3.4.2023
2,895
2,928
3,053
3,335
3,651
31.3.2023
2,898
2,915
3,038
3,341
3,622
30.3.2023
2,866
2,921
3,052
3,312
3,568
29.3.2023
2,900
2,905
3,015
3,290
3,573
28.3.2023
2,787
2,904
2,990
3,269
3,542
27.3.2023
2,879
2,902
3,012
3,239
3,469
24.3.2023
2,878
2,928
3,025
3,281
3,533
23.3.2023
2,854
2,902
2,990
3,290
3,578
22.3.2023
2,827
2,902
3,002
3,214
3,468
21.3.2023
2,712
2,822
2,908
3,071
3,322
20.3.2023
2,565
2,778
2,892
3,095
3,395
17.3.2023
2,482
2,648
2,750
3,055
3,380
16.3.2023
2,424
2,558
2,646
2,985
3,359
15.3.2023
2,415
2,615
2,815
3,131
3,662
14.3.2023
2,317
2,601
2,753
3,035
3,509
13.3.2023
2,378
2,646
2,957
3,375
3,858
10.3.2023
2,378
2,630
2,978
3,445
3,953
9.3.2023
2,373
2,573
2,948
3,461
3,978
8.3.2023
2,382
2,565
2,944
3,451
3,944
7.3.2023
2,348
2,562
2,920
3,418
3,908
6.3.2023
2,381
2,511
2,875
3,363
3,859
3.3.2023
2,393
2,551
2,849
3,353
3,826
2.3.2023
2,365
2,502
2,801
3,366
3,821
1.3.2023